============================================================
QNM Convergence Report
============================================================
Date: 2026-02-07 19:28:34
Tolerance: 1.0e-04
Resolutions: 180, 190, 200
Note: only Re(ω) ≥ 0 shown (spectrum symmetric about imaginary axis)

------------------------------------------------------------
Summary
------------------------------------------------------------
Total converged QNMs: 505
  General (Re!=0, Im!=0): 24
  Purely imaginary (Re~0): 83
  Purely real (Im~0): 398

------------------------------------------------------------
General QNMs (Re != 0, Im != 0)
------------------------------------------------------------
                   Re(omega)                   Im(omega)
  ──────────────────────────  ──────────────────────────
      1.9993875846304279e-01      1.5116670984565770e-04
      1.9989186878088519e-01      1.4723681515003170e-04
      1.9997733048053362e-01      1.4260926625025684e-04
      2.0000573048314724e-01      1.2637212238558900e-04
      1.9984231284127804e-01      1.2548890192113203e-04
      2.0002518764101260e-01      1.0685258727151580e-04
      1.9981661443476184e-01     -1.0393842068811020e-04
      2.0001531314996276e-01     -1.1794727590176323e-04
      1.9999107191231502e-01     -1.3621371748933760e-04
      1.9986378502498442e-01     -1.3760986357555483e-04
      1.9995693897490058e-01     -1.4871176989233111e-04
      1.9991317834840222e-01     -1.5094040127066317e-04
      4.9632660594248351e-01     -9.2389166442148257e-02
      4.7028628454624627e-01     -2.8617687982254963e-01
      4.3095703462716639e-01     -5.0020948399936593e-01
      3.9190747229408796e-01     -7.3282354747280187e-01
      3.5911404611171888e-01     -9.7686395726205488e-01
      3.3305649323009079e-01     -1.2265735802635784e+00
      3.1241770560921173e-01     -1.4787705493196990e+00
      2.9580230191943213e-01     -1.7319439043426372e+00
      2.8214385883327725e-01     -1.9854123862883863e+00
      2.7068869224937531e-01     -2.2388764074695207e+00
      2.6091215133990359e-01     -2.4921988741445995e+00
      2.5242449909270531e-01     -2.7453502850286946e+00

------------------------------------------------------------
Purely Real QNMs (Im ~ 0)
------------------------------------------------------------
                   Re(omega)                   Im(omega)
  ──────────────────────────  ──────────────────────────
      1.9952302338640626e-01     -1.1773641886109987e-07
      1.9954851120450906e-01     -4.6646119073124238e-14
      1.9974621800422335e-01     -2.8515283260022443e-14
      1.9977634251817170e-01      1.9574375044474669e-05
      1.9978318756692853e-01     -4.8808131331416260e-05
      1.9979958186380098e-01      8.2246358495510104e-05
      1.9983781723239616e-01     -1.6844848219083270e-14
      1.9988753152382091e-01     -1.0469423568283083e-14
      1.9991747051419226e-01     -6.8678419576449035e-15
      1.9993687819460337e-01     -4.7198583356930479e-15
      1.9995016915790126e-01     -3.3716593640685787e-15
      1.9995966668839943e-01     -2.4871903163834716e-15
      1.9996668766707998e-01     -1.8847092089349581e-15
      1.9997202360851424e-01     -1.4609730370895324e-15
      1.9997617342133328e-01     -1.1546822902672066e-15
      1.9997946420058971e-01     -9.2799766715257552e-16
      1.9998211761889206e-01     -7.5675168168225822e-16
      1.9998428821184777e-01     -6.2503992104478218e-16
      1.9998608637473361e-01     -5.2211590081149918e-16
      1.9998759266884589e-01     -4.4054641336278835e-16
      1.9998886699723245e-01     -3.7508167351618288e-16
      1.9998995464951844e-01     -3.2194405869066742e-16
      1.9999089037967627e-01     -2.7836919393669949e-16
      1.9999170121560597e-01     -2.4230319724024011e-16
      1.9999240843199942e-01     -2.1219888414880415e-16
      1.9999302895958576e-01     -1.8687605208081042e-16
      1.9999357640752582e-01     -1.6542408449511195e-16
      1.9999406181571880e-01     -1.4713301347972374e-16
      1.9999449421558405e-01     -1.3144403992070625e-16
      1.9999488105307880e-01     -1.1791356264746061e-16
      1.9999522851131249e-01     -1.0618672067301370e-16
      1.9999554175909670e-01     -9.5977723659270617e-17
      1.9999582514424294e-01     -8.7055086359767124e-17
      1.9999608234521193e-01     -7.9230447089337577e-17
      1.9999631649106239e-01     -7.2350034358414620e-17
      1.9999653025705252e-01     -6.6288110645531728e-17
      1.9999672594138199e-01     -6.0941907118700802e-17
      1.9999690552720986e-01     -5.6227693597439465e-17
      1.9999707073309037e-01     -5.2077721150227594e-17
      1.9999722305423417e-01     -4.8437841830854609e-17
      1.9999736379645411e-01     -4.5265658895639728e-17
      1.9999749410424056e-01     -4.2529096711972194e-17
      1.9999761498409921e-01     -4.0205306142546340e-17
      1.9999772732404264e-01     -3.8279841043634826e-17
      1.9999783190994405e-01     -3.6746056470386691e-17
      1.9999792943931705e-01     -3.5604690536611323e-17
      1.9999802053297416e-01     -3.4863600565866937e-17
      1.9999810574492988e-01     -3.4537630873452381e-17
      1.9999818557084306e-01     -3.4648594731386569e-17
      1.9999826045524047e-01     -3.5225357156384545e-17
      1.9999833079771823e-01     -3.6304008395703886e-17
      1.9999839695828323e-01     -3.7928120570524039e-17
      1.9999845926196805e-01     -4.0149082024051424e-17
      1.9999851800283039e-01     -4.3026505627661334e-17
      1.9999857344742886e-01     -4.6628708711524755e-17
      1.9999862583785202e-01     -5.1033263474306596e-17
      1.9999867539436544e-01     -5.6327617742313879e-17
      1.9999872231773028e-01     -6.2609786833016672e-17
      1.9999876679123985e-01     -6.9989118063521077e-17
      1.9999880898251202e-01     -7.8587130157064139e-17
      1.9999884904507090e-01     -8.8538430460596572e-17
      1.9999888711974526e-01     -9.9991713510839115e-17
      1.9999892333590777e-01     -1.1311084508872819e-16
      1.9999895781257546e-01     -1.2807603649456002e-16
      1.9999899065938856e-01     -1.4508511436837026e-16
      1.9999902197748334e-01     -1.6435489198085994e-16
      1.9999905186027150e-01     -1.8612264853728619e-16
      1.9999908039413741e-01     -2.1064772367731554e-16
      1.9999910765906315e-01     -2.3821323502458499e-16
      1.9999913372918957e-01     -2.6912792734707682e-16
      1.9999915867332071e-01     -3.0372816263971865e-16
      1.9999918255537844e-01     -3.4238006124023212e-16
      1.9999920543481214e-01     -3.8548180494465971e-16
      1.9999922736696918e-01     -4.3346611400693765e-16
      1.9999924840342981e-01     -4.8680291089441751e-16
      1.9999926859231082e-01     -5.4600218473586412e-16
      1.9999928797854077e-01     -6.1161707154819376e-16
      1.9999930660411033e-01     -6.8424716657168036e-16
      1.9999932450829974e-01     -7.6454208638988753e-16
      1.9999934172788603e-01     -8.5320529997031445e-16
      1.9999935829733215e-01     -9.5099824934572467e-16
      1.9999937424895947e-01     -1.0587447823764419e-15
      1.9999938961310543e-01     -1.1773359219037652e-15
      1.9999940441826805e-01     -1.3077349976386223e-15
      1.9999941869123805e-01     -1.4509831693435794e-15
      1.9999943245722016e-01     -1.6082053722779609e-15
      1.9999944573994449e-01     -1.7806167185044545e-15
      1.9999945856176882e-01     -1.9695293905225699e-15
      1.9999947094377277e-01     -2.1763600668232782e-15
      1.9999948290584452e-01     -2.4026379223762292e-15
      1.9999949446676060e-01     -2.6500132507949372e-15
      1.9999950564425981e-01     -2.9202667590083496e-15
      1.9999951645511110e-01     -3.2153195897346604e-15
      1.9999952691517670e-01     -3.5372441319445247e-15
      1.9999953703947010e-01     -3.8882756848597115e-15
      1.9999954684221016e-01     -4.2708250469082988e-15
      1.9999955633687103e-01     -4.6874921075028801e-15
      1.9999956553622833e-01     -5.1410805265842120e-15
      1.9999957445240230e-01     -5.6346135946463580e-15
      1.9999958309689761e-01     -6.1713513745057488e-15
      1.9999959148064073e-01     -6.7548092354793032e-15
      1.9999959961401409e-01     -7.3887779009894238e-15
      1.9999960750688867e-01     -8.0773451420210651e-15
      1.9999961516865358e-01     -8.8249192614354050e-15
      1.9999962260824428e-01     -9.6362545280275238e-15
      1.9999962983416847e-01     -1.0516478734549478e-14
      1.9999963685453048e-01     -1.1471123070871310e-14
      1.9999964367705403e-01     -1.2506154522207263e-14
      1.9999965030910347e-01     -1.3628011023103214e-14
      1.9999965675770356e-01     -1.4843639620900965e-14
      1.9999966302955832e-01     -1.6160537927933068e-14
      1.9999966913106818e-01     -1.7586799170060740e-14
      1.9999967506834648e-01     -1.9131161170689279e-14
      1.9999968084723480e-01     -2.0803059644467870e-14
      1.9999968647331717e-01     -2.2612686213943609e-14
      1.9999969195193384e-01     -2.4571051605992585e-14
      1.9999969728819364e-01     -2.6690054533462420e-14
      1.9999970248698618e-01     -2.8982556821777844e-14
      1.9999970755299284e-01     -3.1462465401022815e-14
      1.9999971249069742e-01     -3.4144821852062481e-14
      1.9999971730439606e-01     -3.7045900271571744e-14
      1.9999972199820656e-01     -4.0183314306500496e-14
      1.9999972657607720e-01     -4.3576134304797910e-14
      1.9999973104179503e-01     -4.7245015637599826e-14
      1.9999973539899374e-01     -5.1212339370233828e-14
      1.9999973965116102e-01     -5.5502366597255465e-14
      1.9999974380164556e-01     -6.0141407912535238e-14
      1.9999974785366365e-01     -6.5158009661762472e-14
      1.9999975181030538e-01     -7.0583158824625183e-14
      1.9999975567454054e-01     -7.6450508600857342e-14
      1.9999975944922424e-01     -8.2796627032383453e-14
      1.9999976313710213e-01     -8.9661271287675798e-14
      1.9999976674081546e-01     -9.7087690569716979e-14
      1.9999977026290569e-01     -1.0512296099211966e-13
      1.9999977370581912e-01     -1.1381835620661646e-13
      1.9999977707191105e-01     -1.2322975806825826e-13
      1.9999978036344976e-01     -1.3341811220281390e-13
      1.9999978358262049e-01     -1.4444993400653475e-13
      1.9999978673152891e-01     -1.5639787137641939e-13
      1.9999978981220468e-01     -1.6934133135694765e-13
      1.9999979282660457e-01     -1.8336717891784491e-13
      1.9999979577661581e-01     -1.9857051727172770e-13
      1.9999979866405876e-01     -2.1505556053030735e-13
      1.9999980149068991e-01     -2.3293661111898347e-13
      1.9999980425820452e-01     -2.5233915626520321e-13
      1.9999980696823910e-01     -2.7340110009783840e-13
      1.9999980962237385e-01     -2.9627415050588449e-13
      1.9999981222213506e-01     -3.2112538298125951e-13
      1.9999981476899709e-01     -3.4813900730519075e-13
      1.9999981726438468e-01     -3.7751836724390525e-13
      1.9999981970967481e-01     -4.0948820853585857e-13
      1.9999982210619865e-01     -4.4429725655001157e-13
      1.9999982445524331e-01     -4.8222115228287793e-13
      1.9999982675805364e-01     -5.2356580410115699e-13
      1.9999982901583382e-01     -5.6867122314940970e-13
      1.9999983122974896e-01     -6.1791592303031951e-13
      1.9999983340092650e-01     -6.7172197973103106e-13
      1.9999983553045786e-01     -7.3056086644323800e-13
      1.9999983761939955e-01     -7.9496020070099053e-13
      1.9999983966877458e-01     -8.6551156914223296e-13
      1.9999984167957374e-01     -9.4287962946158009e-13
      1.9999984365275675e-01     -1.0278127313856203e-12
      1.9999984558925335e-01     -1.1211553508440285e-12
      1.9999984748996438e-01     -1.2238626965962172e-12
      1.9999984935576293e-01     -1.3370179298425212e-12
      1.9999985118749505e-01     -1.4618525392533928e-12
      1.9999985298598102e-01     -1.5997705421787836e-12
      1.9999985475201598e-01     -1.7523773451108451e-12
      1.9999985648637084e-01     -1.9215143026738795e-12
      1.9999985818979307e-01     -2.1093002775459231e-12
      1.9999985986300750e-01     -2.3181818410055934e-12
      1.9999986150671700e-01     -2.5509941880957403e-12
      1.9999986312160309e-01     -2.8110354031131616e-12
      1.9999986470832662e-01     -3.1021574408765108e-12
      1.9999986626752830e-01     -3.4288781413618385e-12
      1.9999986779982934e-01     -3.7965198427908083e-12
      1.9999986930583172e-01     -4.2113817991776262e-12
      1.9999987078611886e-01     -4.6809557745655657e-12
      1.9999987224125582e-01     -5.2141970549211463e-12
      1.9999987367178970e-01     -5.8218669274132243e-12
      1.9999987507824996e-01     -6.5169677423276984e-12
      1.9999987646114853e-01     -7.3152984140404301e-12
      1.9999987782098003e-01     -8.2361671810169865e-12
      1.9999987915822190e-01     -9.3033103300992664e-12
      1.9999988047333453e-01     -1.0546081264966857e-11
      1.9999988176676123e-01     -1.2000994788742498e-11
      1.9999988303892843e-01     -1.3713737899234294e-11
      1.9999988429024604e-01     -1.5741791832824171e-11
      1.9999988552110778e-01     -1.8157851297084527e-11
      1.9999988673189237e-01     -2.1054275946216061e-11
      1.9999988792296530e-01     -2.4548865780589667e-11
      1.9999988909468194e-01     -2.8792317246924316e-11
      1.9999989024739273e-01     -3.3977800578682508e-11
      1.9999989138145124e-01     -4.0353245720613785e-11
      1.9999989249722680e-01     -4.8237282190666173e-11
      1.9999989359512307e-01     -5.8040782898594559e-11
      1.9999989467560544e-01     -7.0298820465626322e-11
      1.9999989573924304e-01     -8.5725923246301173e-11
      1.9999989678678065e-01     -1.0533106618216065e-10
      1.9999989781929811e-01     -1.3070547989939132e-10
      1.9999989883871602e-01     -1.6491171340590161e-10
      1.9999989985049055e-01     -2.1643076217278656e-10
      1.9999991513734944e-01      1.9410749952974240e-08
      1.9999997961771399e-01      2.1051928565575234e-08
      2.0000000000007695e-01     -7.8502739317547616e-13
      2.0000000002686377e-01     -4.0774726023778948e-11
      2.0000000017922570e-01     -1.4790822604132280e-10
      2.0000000023473558e-01      2.2199924279516081e-10
      2.0000000050189412e-01     -2.9550409915186874e-10
      2.0000000073335236e-01      4.3217493923431866e-10
      2.0000000100717388e-01     -4.7004992585331665e-10
      2.0000000145243285e-01      6.5515300374912363e-10
      2.0000000170181767e-01     -6.6589461193216066e-10
      2.0000000238725180e-01      8.9184288003609527e-10
      2.0000000259135819e-01     -8.8057712823731152e-10
      2.0000000353752509e-01      1.1429310233323272e-09
      2.0000000368118917e-01     -1.1131924163262130e-09
      2.0000000490530756e-01      1.4094081834725106e-09
      2.0000000497697878e-01     -1.3637203995975293e-09
      2.0000000648487823e-01     -1.6327072976378636e-09
      2.0000000649432612e-01      1.6925576551549878e-09
      2.0000000821165156e-01     -1.9210977610574833e-09
      2.0000000830970713e-01      1.9939052911277219e-09
      2.0000001016477192e-01     -2.2301403794943813e-09
      2.0000001035785267e-01      2.3151788925391191e-09
      2.0000001235250375e-01     -2.5613330743544174e-09
      2.0000001264638473e-01      2.6582807834497574e-09
      2.0000001478397961e-01     -2.9163925197048050e-09
      2.0000001518412586e-01      3.0252724747490121e-09
      2.0000001746927631e-01     -3.2972394607281623e-09
      2.0000001798110290e-01      3.4183700975012467e-09
      2.0000002041949311e-01     -3.7059954018851318e-09
      2.0000002104856857e-01      3.8399493389423327e-09
      2.0000002364683320e-01     -4.1449879113950543e-09
      2.0000002439903822e-01      4.2925585425050454e-09
      2.0000002716468962e-01     -4.6167627325422876e-09
      2.0000002804634157e-01      4.7789385798920917e-09
      2.0000003098773717e-01     -5.1241014612803226e-09
      2.0000003200568908e-01      5.3020481854724640e-09
      2.0000003513203082e-01     -5.6700439505673893e-09
      2.0000003629375276e-01      5.8650936779660616e-09
      2.0000003961511253e-01     -6.2579149227158783e-09
      2.0000004092876170e-01      6.4715623314861522e-09
      2.0000004445612715e-01     -6.8913545445521984e-09
      2.0000004593061244e-01      7.1252590283161112e-09
      2.0000004967594964e-01     -7.5743529568816411e-09
      2.0000005132099472e-01      7.8303461733457136e-09
      2.0000005529732479e-01     -8.3112889538874025e-09
      2.0000005712353328e-01      8.5913871444769440e-09
      2.0000006134502102e-01     -9.1069731841844554e-09
      2.0000006336394638e-01      9.4133937877389113e-09
      2.0000006784600083e-01     -9.9666963997198554e-09
      2.0000007007022305e-01      1.0301878649099566e-08
      2.0000007482960927e-01     -1.0896283419455192e-08
      2.0000007727282004e-01      1.1262912783061699e-08
      2.0000008232778291e-01     -1.1902153610221597e-08
      2.0000008500488106e-01      1.2303190108477134e-08
      2.0000009037528216e-01     -1.2991388825554554e-08
      2.0000009330248053e-01      1.3430099410248537e-08
      2.0000009900994928e-01     -1.4171809892416378e-08
      2.0000010220489442e-01      1.4651805224594141e-08
      2.0000010827299547e-01     -1.5452062902685879e-08
      2.0000011175490207e-01      1.5977339005669026e-08
      2.0000011820932076e-01     -1.6841716758008757e-08
      2.0000012199912204e-01      1.7416702161136002e-08
      2.0000012886787055e-01     -1.8351373639953403e-08
      2.0000013298838670e-01      1.8980982771455199e-08
      2.0000014030203350e-01     -1.9992794339714415e-08
      2.0000014477816044e-01      2.0682488079876202e-08
      2.0000015257008630e-01     -2.1779040690987114e-08
      2.0000015742900701e-01      2.2534895165727812e-08
      2.0000016573569088e-01     -2.3724637715493514e-08
      2.0000017100711248e-01      2.4553422602296390e-08
      2.0000017986845178e-01     -2.5845758524078493e-08
      2.0000018558487134e-01      2.6755026363966403e-08
      2.0000019504454100e-01     -2.8160435530638201e-08
      2.0000020124154416e-01      2.9158623799476056e-08
      2.0000021134739987e-01     -3.0688802147516652e-08
      2.0000021806399673e-01      3.1785350146381556e-08
      2.0000022886852867e-01     -3.3453369859037691e-08
      2.0000023614753196e-01      3.4658852847308688e-08
      2.0000024770837624e-01     -3.6479346438503256e-08
      2.0000025559682785e-01      3.7805629867325698e-08
      2.0000026797734374e-01     -3.9795002112663436e-08
      2.0000027652699670e-01      4.1255419335816137e-08
      2.0000028979691942e-01     -4.3432091722442911e-08
      2.0000029906478317e-01      4.5041649185017755e-08
      2.0000031330096354e-01     -4.7426342424054095e-08
      2.0000032334992232e-01      4.9201957079635803e-08
      2.0000033863716624e-01     -5.1818018275456743e-08
      2.0000034953668136e-01      5.3778792887910249e-08
      2.0000036596870432e-01     -5.6652575227452948e-08
      2.0000037779561358e-01      5.8820118308991271e-08
      2.0000039547612855e-01     -6.1981422671014643e-08
      2.0000040831555785e-01      6.4380221137467497e-08
      2.0000042735951731e-01     -6.7862810887964136e-08
      2.0000044130592268e-01      7.0520665129429112e-08
      2.0000046184094006e-01     -7.4362867642354142e-08
      2.0000047699930126e-01      7.7311400680718602e-08
      2.0000049916728099e-01     -8.1556811899621077e-08
      2.0000051565447213e-01      8.4832066719253702e-08
      2.0000053961348377e-01     -8.9530378477020160e-08
      2.0000055755985049e-01      9.3173520578955149e-08
      2.0000058348628855e-01     -9.8381494573369219e-08
      2.0000060303746822e-01      1.0243964045274762e-07
      2.0000063112854755e-01     -1.0822225792953983e-07
      2.0000065244757492e-01      1.1274945468375750e-07
      2.0000068292422166e-01     -1.1918127725355549e-07
      2.0000070619397164e-01      1.2423966411455409e-07
      2.0000073930418208e-01     -1.3140644904099170e-07
      2.0000076473021197e-01      1.3706763857061823e-07
      2.0000080075296631e-01     -1.4506826171739498e-07
      2.0000082856683257e-01      1.5141498707039518e-07
      2.0000086781666990e-01     -1.6036373900370145e-07
      2.0000089827981160e-01      1.6749182451299624e-07
      2.0000094111219521e-01     -1.7752116069089223e-07
      2.0000097452049617e-01      1.8554188666439101e-07
      2.0000102133812825e-01     -1.9680573207185172e-07
      2.0000105802729598e-01      2.0584868188795344e-07
      2.0000110928757728e-01     -2.1852641502046673e-07
      2.0000114963950952e-01      2.2874291438571856e-07
      2.0000120586338740e-01     -2.4304418661496697e-07
      2.0000125031373917e-01      2.5461147253168557e-07
      2.0000131209624744e-01     -2.7078205853279701e-07
      2.0000136114346509e-01      2.8390835086774968e-07
      2.0000142916633890e-01     -3.0223727649564022e-07
      2.0000148338249851e-01      3.1716797036375885e-07
      2.0000155842934977e-01     -3.3799622952289611e-07
      2.0000161847323039e-01      3.5502148510273430e-07
      2.0000170144790760e-01     -3.7875274130525449e-07
      2.0000176808085340e-01      3.9821682337110561e-07
      2.0000186002979448e-01     -4.2533060099872915e-07
      2.0000193413508977e-01      4.4764341912204280e-07
      2.0000203627472976e-01     -4.7871143244107222e-07
      2.0000211888144326e-01      5.0436286250431172e-07
      2.0000223263209391e-01     -5.4006931936253816e-07
      2.0000232494467768e-01      5.6964705932541105e-07
      2.0000245197280025e-01     -6.1081402909789838e-07
      2.0000255540820350e-01      6.4502597437095284e-07
      2.0000269767973636e-01     -6.9264525410051220e-07
      2.0000281391449723e-01      7.3234769867552400e-07
      2.0000297376301307e-01     -7.8762109468920589e-07
      2.0000310479386654e-01      8.3385452305563076e-07
      2.0000328500906522e-01     -8.9824517534527700e-07
      2.0000343323230327e-01      9.5228010402129420e-07
      2.0000363717713696e-01     -1.0275785986966166e-06
      2.0000380549474431e-01      1.0909750650829824e-06
      2.0000403726414423e-01     -1.1793860230965237e-06
      2.0000422922948402e-01      1.2540724088035847e-06
      2.0000449387178629e-01     -1.3583310622099244e-06
      2.0000471389601063e-01      1.4467123099957172e-06
      2.0000501773275967e-01     -1.5702491851690551e-06
      2.0000527138829916e-01      1.6753649175774410e-06
      2.0000562249437701e-01     -1.8225587090777419e-06
      2.0000591697858633e-01      1.9483397674416612e-06
      2.0000632592782927e-01     -2.1249602586739613e-06
      2.0000667078749210e-01      2.2767132835139590e-06
      2.0000715180531994e-01     -2.4908373153405732e-06
      2.0000756000587974e-01      2.6763193426824546e-06
      2.0000813245349261e-01     -2.9404732660636188e-06
      2.0000862135480318e-01      3.1723872333193984e-06
      2.0000930983118459e-01     -3.5080052955283829e-06
      2.0000989942232020e-01      3.8078605821556689e-06
      2.0001072820631774e-01     -4.2480483010966782e-06
      2.0001141287528207e-01      2.8860926822515913e-07
      2.0001142099077920e-01     -2.8912175497021303e-07
      2.0001143624262149e-01      4.6438148891404131e-06
      2.0001242949051021e-01     -5.2238226550912275e-06
      2.0001328137036226e-01      5.7435121457670964e-06
      2.0001448489323037e-01     -6.5055754564177269e-06
      2.0001552777450890e-01      7.1943140275447642e-06
      2.0001701302900768e-01     -8.2185781836819044e-06
      2.0001830815051505e-01      9.1605609700263958e-06
      2.0002015763173916e-01     -1.0583341208793536e-05
      2.0002107588572815e-01      3.9763627788104540e-07
      2.0002108491486484e-01     -3.9759435687443576e-07
      2.0002177468532689e-01      1.1910922338465247e-05
      2.0002408803269767e-01     -1.3942870244108119e-05
      2.0002611708846746e-01      1.5867064744534369e-05
      2.0002902379212736e-01     -1.8872767037084030e-05
      2.0002966359006047e-01     -2.8299046295297073e-06
      2.0002967250924739e-01      2.8343340173175799e-06
      2.0003131396573265e-01     -9.8337487861654765e-05
      2.0003153316158026e-01      2.1776697974466533e-05
      2.0003514880534218e-01     -2.6226212464930824e-05
      2.0003692831164327e-01      8.7941604484679167e-05
      2.0003768264551006e-01     -1.2234128128249132e-05
      2.0003768807714092e-01      1.2242544216587692e-05
      2.0003881521839392e-01      3.1175818081034642e-05
      2.0003985716299072e-01     -8.0055110626425533e-05
      2.0004119692246605e-01     -3.8832159615266144e-05
      2.0004220748721124e-01      7.0260259686037724e-05
      2.0004229447856017e-01      2.8396935117024881e-05
      2.0004293896651240e-01     -2.8264475237418123e-05
      2.0004307120799583e-01      4.4111996232520474e-05
      2.0004356089597278e-01     -6.2971115460656990e-05
      2.0004485846688397e-01      5.5024913911714272e-05
      2.0004487303525204e-01     -5.0087054959760128e-05

------------------------------------------------------------
Purely Imaginary QNMs (Re ~ 0)
------------------------------------------------------------
                   Re(omega)                   Im(omega)             Delta Im(omega)
  ──────────────────────────  ──────────────────────────  ──────────────────────────
      1.8291632953935847e-74     -1.9991506128484243e+01
      1.8455236886085698e-73     -2.0242212401358231e+01      2.5070627287398750e-01
      6.4261645693774109e-73     -2.0492737551937136e+01      2.5052515057890545e-01
      1.1516119667854322e-72     -2.0743471568312369e+01      2.5073401637523318e-01
     -4.9780611928763994e-73     -2.0994067191994212e+01      2.5059562368184274e-01
     -1.0845306043097734e-71     -2.1244689106870112e+01      2.5062191487590013e-01
     -3.7208528829135452e-71     -2.1495314106992179e+01      2.5062500012206712e-01
     -5.7733231622503689e-71     -2.1745907698333440e+01      2.5059359134126069e-01
      5.4430564559001457e-71     -2.1996506168152276e+01      2.5059846981883638e-01
      5.7025102384216848e-70     -2.2247092556586203e+01      2.5058638843392700e-01
      1.5183081992692817e-69     -2.2497668256979797e+01      2.5057570039359334e-01
      1.2553830975902156e-69     -2.2748238683095341e+01      2.5057042611554436e-01
     -5.2880708877566475e-69     -2.2998799504087483e+01      2.5056082099214194e-01
     -2.2848290409984936e-68     -2.3249352533910095e+01      2.5055302982261196e-01
     -3.5209195866726364e-68     -2.3499898432091346e+01      2.5054589818125095e-01
      2.7456498838530677e-68     -2.3750436392447945e+01      2.5053796035659914e-01
      2.5689617660782785e-67     -2.4000967162570166e+01      2.5053077012222147e-01
      5.1379974944259008e-67     -2.4251490884138697e+01      2.5052372156853053e-01
     -1.4090522946476609e-69     -2.4502007509001857e+01      2.5051662486315962e-01
     -2.4403893600309343e-66     -2.4752517368798976e+01      2.5050985979711982e-01
     -5.5308722935468109e-66     -2.5003020585262167e+01      2.5050321646319063e-01
     -1.2289898732521846e-66     -2.5253517256764987e+01      2.5049667150281962e-01
      2.1221007151526665e-65     -2.5504007580503572e+01      2.5049032373858537e-01
      4.7952612420205684e-65     -2.5754491683892848e+01      2.5048410338927596e-01
      7.3128506721108661e-66     -2.6004969687647819e+01      2.5047800375497076e-01
     -1.7395596163336282e-64     -2.6255441740533676e+01      2.5047205288585772e-01
     -3.3860650049228838e-64     -2.6505907966338540e+01      2.5046622580486400e-01
      5.8678945081582345e-65     -2.6756368483053805e+01      2.5046051671526470e-01
      1.3022944697606754e-63     -2.7006823416673519e+01      2.5045493361971438e-01
      1.8467493221341430e-63     -2.7257272882900125e+01      2.5044946622660547e-01
     -1.5786672346593056e-63     -2.7507716992061763e+01      2.5044410916163784e-01
     -8.2697108517607056e-63     -2.7758155855937478e+01      2.5043886387571490e-01
     -6.4082044058335977e-63     -2.8008589581192190e+01      2.5043372525471241e-01
      1.6844389521826243e-62     -2.8259018269876950e+01      2.5042868868476020e-01
      4.0086254439808436e-62     -2.8509442023074467e+01      2.5042375319751642e-01
     -6.1326467120426632e-64     -2.8759860938744232e+01      2.5041891566976560e-01
     -1.1252874306199555e-61     -2.9010275111046710e+01      2.5041417230247731e-01
     -1.1965169693321398e-61     -2.9260684632234135e+01      2.5040952118742510e-01
      1.7327166832476422e-61     -2.9511089592257548e+01      2.5040496002341328e-01
      4.7293630894357871e-61     -2.9761490077996772e+01      2.5040048573922391e-01
      4.3611479171509234e-63     -3.0011886174102713e+01      2.5039609610594127e-01
     -1.1322998102579968e-60     -3.0262277963270293e+01      2.5039178916757976e-01
     -9.3197963723978078e-61     -3.0512665525723790e+01      2.5038756245349703e-01
      1.8499768932580280e-60     -3.0763048939441902e+01      2.5038341371811157e-01
      3.3740511914735602e-60     -3.1013428280580836e+01      2.5037934113893456e-01
     -1.6853487932938756e-60     -3.1263803623288048e+01      2.5037534270721196e-01
     -8.0382009041383677e-60     -3.1514175039621026e+01      2.5037141633297821e-01
     -1.2686222156670789e-60     -3.1764542599863084e+01      2.5036756024205786e-01
      1.5005816106582831e-59     -3.2014906372604294e+01      2.5036377274120980e-01
      9.7942512620000680e-60     -3.2265266424597932e+01      2.5036005199363842e-01
     -2.3178940231622616e-59     -3.2515622820871428e+01      2.5035639627349582e-01
     -2.6975892121781420e-59     -3.2765975624930228e+01      2.5035280405879945e-01
      3.0190893568839726e-59     -3.3016324898720924e+01      2.5034927379069671e-01
      5.5331523957130844e-59     -3.3266670702578644e+01      2.5034580385771932e-01
     -3.3128284541309150e-59     -3.3517013095380229e+01      2.5034239280158488e-01
     -9.6058228630425638e-59     -3.3767352134659298e+01      2.5033903927906920e-01
      3.0038942500122558e-59     -3.4017687876540663e+01      2.5033574188136498e-01
      1.4870366489779707e-58     -3.4268020375739020e+01      2.5033249919835754e-01
     -2.1751823770427654e-59     -3.4518349685713609e+01      2.5032930997458891e-01
     -2.1115816522289064e-58     -3.4768675858737204e+01      2.5032617302359483e-01
      1.3232694085375873e-59     -3.5018998945816911e+01      2.5032308707970685e-01
      2.7942949469590586e-58     -3.5269318996709565e+01      2.5032005089265397e-01
     -1.3611122669270132e-59     -3.5519636060082817e+01      2.5031706337325232e-01
     -3.4666499063241052e-58     -3.5769950183571012e+01      2.5031412348819515e-01
      3.4100006499945052e-59     -3.6020261413668578e+01      2.5031123009756584e-01
      4.0162319379304328e-58     -3.6270569795729863e+01      2.5030838206128436e-01
     -8.3396169242785661e-59     -3.6520875374160553e+01      2.5030557843069090e-01
     -4.2810524518066881e-58     -3.6771178192504642e+01      2.5030281834408896e-01
      1.6119268991298004e-58     -3.7021478293283920e+01      2.5030010077927756e-01
      4.0786683574533745e-58     -3.7271775717915837e+01      2.5029742463191695e-01
     -2.5243021928412855e-58     -3.7522070506959288e+01      2.5029478904345126e-01
     -3.2876253122335545e-58     -3.7772362700346378e+01      2.5029219338708941e-01
      3.2706994331665950e-58     -3.8022652337173270e+01      2.5028963682689209e-01
      1.9618312795954152e-58     -3.8272939455349821e+01      2.5028711817655136e-01
     -3.4998361690079815e-58     -3.8523224091805716e+01      2.5028463645589483e-01
     -4.0389485854840238e-59     -3.8773506283150240e+01      2.5028219134452456e-01
      3.0020388941086145e-58     -3.9023786065740360e+01      2.5027978259011974e-01
     -9.0026121161357922e-59     -3.9274063474731726e+01      2.5027740899136575e-01
     -1.8915294645396032e-58     -3.9524338543424115e+01      2.5027506869238891e-01
      1.5157915326619618e-58     -3.9774611304425513e+01      2.5027276100139773e-01
      6.1504093833195331e-59     -4.0024881791660775e+01      2.5027048723526235e-01
     -1.3387662697465729e-58     -4.0275150039984581e+01      2.5026824832380612e-01
      2.9308056016483830e-59     -4.0525416081269007e+01      2.5026604128442642e-01

